 2mocoef
header
           3
Hermit Integral Program : SIFS version  adler.itc.univie. 11:02:13.264 08-Nov-06
 title                                                                          
mofmt: formatted orbitals label=morbl   adler.itc.univie. 11:02:16.040 08-Nov-06
           1
          36          36
SYM1
mocoef
(1p3d25.15)                             
    9.959886825681185D-01    2.375876035943806D-02   -1.241083932756352D-02
   -4.559653447232322D-14    6.643350621240401D-14   -6.867388852230893D-04
   -2.975386097320814D-14    3.323033575996996D-13    1.428260639098004D-03
   -1.033810597736523D-04   -1.240801401428664D-14    1.051205890603325D-04
   -3.582746055350671D-14    6.425607846651305D-06    1.054460115363739D-04
   -4.764458427812895D-04    4.054618399529321D-03    4.111082763807439D-14
    2.436176096541585D-13   -5.197549568186991D-04   -7.855962912058727D-14
   -3.746446742286376D-13    2.454892602801790D-03    1.296440190241381D-04
    1.616828934147539D-14   -1.921019547684344D-04   -4.061337831249981D-14
   -8.138483865552711D-06   -2.884456473563272D-05    1.775092870957211D-03
   -2.884456473654330D-05    1.775092871337946D-03   -2.509064237696271D-04
    2.301897864859696D-04   -2.509064235257658D-04    2.301897859695750D-04
   -3.353187489155075D-04   -3.723293101014160D-05   -3.949914851153817D-04
   -7.074096344630309D-14    2.169684419818362D-13    5.059398537735896D-04
   -3.710266184434945D-14    4.375135255969224D-14    4.812503237039540D-04
   -4.356211420785518D-05    7.006911306260023D-14   -2.009000837523518D-04
   -6.558787415250116D-14    2.808959376781128D-06    9.960529039287017D-01
    2.425589134705039D-02   -9.986015651136881D-03   -9.963302973558797D-14
   -9.554020390965786D-15    1.445043781684983D-03   -8.566550589022430D-14
   -1.048531825580694D-13    7.406305984729526D-04    3.165577220704922D-04
    2.749531448661711D-14    2.426658659265597D-04   -6.110874355957679D-14
   -1.999812809739100D-05   -4.542604005279253D-05    4.224239591302878D-04
   -4.542604037171971D-05    4.224239589550036D-04   -4.092158516202669D-04
    2.599010913790420D-03   -4.092158515708836D-04    2.599010913723243D-03
   -1.952272366994189D-01    4.165155785481918D-01    4.162093978839170D-01
    3.002968835460318D-12    2.689006435249573D-12   -7.256720163366828D-02
    5.326829689084100D-12   -5.700752114129932D-12   -1.901492332131511D-02
   -1.672813194741309D-02    4.392674383119614D-13    3.276289440545804D-03
    3.283944860406218D-13    1.034982931317873D-03   -1.045674810325477D-01
    2.049549305598572D-01    7.282827409638531D-02   -1.688049222988900D-12
   -7.607035975342441D-13    1.443964350354880D-01    6.123502040452847D-12
    8.002981015169407D-12   -1.685710142471905D-02    5.455765314624079D-03
    5.691797347276696D-13    6.743873927840012D-03   -2.246650292219391D-13
   -3.456473686311373D-04    9.795890946012167D-02   -1.522485078495209D-02
    9.795890946102841D-02   -1.522485079317534D-02    3.400080526983083D-02
   -6.547674152299694D-03    3.400080526740271D-02   -6.547674141873167D-03
   -7.078070038512632D-02    1.542996178396629D-01    2.393809801995724D-01
    1.233833038457037D-12    2.686208639123625D-12    3.332254946538094D-01
   -2.559345149860310D-12    3.418669004962631D-12    1.486595196403509D-01
   -1.828863084110681D-02   -2.412653612999230D-13   -3.560951093593377D-03
   -6.666579539239158D-13    1.133167764737970D-03    1.599313382006643D-01
   -3.308850771488945D-01   -2.790880632370168D-01    1.463747023930995D-12
    1.567431983218379D-12    7.911493522652984D-03   -1.114026229528881D-12
    3.779537202876900D-12    2.167697781597407D-02   -1.865156254044796D-02
   -1.149061186426978D-13   -1.521176840246650D-03    1.410081379245050D-12
    1.181161654164138D-03    1.317101448582796D-01    1.371595572475043D-02
    1.317101448580000D-01    1.371595573119408D-02   -1.217242523210567D-01
   -2.227478077848491D-02   -1.217242523271569D-01   -2.227478078536194D-02
   -9.402715958858061D-13    7.824724304880023D-12   -1.652643099111677D-11
   -3.805984886957293D-01    3.362283002743483D-01   -1.148837962152982D-11
   -2.380097030672287D-01    2.102756191657750D-01   -4.957744999865046D-12
   -3.369398934522222D-13    1.550128433568813D-02    6.591878278549169D-13
   -1.753327052894828D-02    4.986215744516950D-13   -2.122161430117046D-14
   -1.800496930682840D-12    9.824531136980159D-13   -9.244739788113165D-02
    8.156893158426758D-02    1.279320834430825D-11   -1.976125102158332D-02
    1.736050603624304D-02    1.071125286117859D-11   -2.055243807817615D-12
    1.310645589071547D-02    1.204034751540006D-13   -1.483817806311919D-02
    7.799664527723331D-14    2.155983291429870D-01    3.614472373322120D-02
   -2.155983291473785D-01   -3.614472372936528D-02    4.044072053340971D-06
   -1.468158745235725D-06   -4.044080446295995D-06    1.468156703326870D-06
   -1.862248101576149D-02    4.577652712997227D-02    3.966040741939896D-02
    1.698893968591658D-11   -6.150698789666475D-12   -3.814686493184200D-01
    6.192506217465403D-12   -1.155011899741446D-12   -2.158659606950405D-01
    9.330287377666635D-03    3.577531934275650D-13    2.922560336041237D-03
    1.520278100293927D-12   -5.771764139075221D-04    5.509697401411305D-02
   -1.073081570575623D-01   -2.614250531126076D-01   -5.254307813166098D-13
   -5.770447376810790D-12    4.142436378571712D-01   -3.740602763438214D-12
   -8.076774123824861D-13    9.366476133458908D-02   -2.159198603951890D-02
    1.503693483312790D-12    8.335335406382519D-03    9.188306442976865D-13
    1.367747499578450D-03   -9.203155047700208D-02   -2.449733832349137D-02
   -9.203155046500475D-02   -2.449733831040117D-02   -1.628914769522991D-01
   -6.759919828175545D-02   -1.628914769460038D-01   -6.759919828828807D-02
    1.485637735291987D-12   -6.374296068391635D-12    5.352928295793006D-12
    2.159509310391221D-01    2.444043329531957D-01   -5.525604298489897D-12
    1.317058005646557D-01    1.490126220759090D-01   -7.730077878135831D-12
   -2.193173671584270D-12   -1.201227395085698D-02    1.316913452612705D-13
   -1.060443580847991D-02    2.998956604025412D-14   -8.032870639897377D-13
   -1.760384362408140D-12    4.557635832181955D-13    2.771310473420308D-01
    3.140989806134966D-01   -3.561119502138113D-12    1.282935608595301D-01
    1.453910886171338D-01   -6.482936998163185D-12   -5.363665292131761D-13
   -4.756309868123747D-03   -1.603364574279146D-13   -4.161886521763677D-03
    1.068665870560242D-13    1.910372349320648D-06   -1.357884856129566D-05
   -1.910378206937201D-06    1.357885057602862D-05    1.848481489005869D-01
    6.442366158267243D-02   -1.848481488990703D-01   -6.442366158767991D-02
   -8.076017151570920D-14    3.506740031952835D-12   -1.086931460723873D-11
   -3.600871372662588D-01   -4.079228430787217D-01   -7.075225717253137D-12
   -3.239359923168517D-01   -3.670151481820073D-01    5.685190472341372D-12
    4.995772819903570D-13    1.053136180879580D-03   -2.237780487403847D-13
    1.114968169283558D-03   -2.611801822120514D-13   -2.044915784398444D-13
    6.110121049957325D-13    1.577666776759524D-11    1.661624766859584D-01
    1.903922376888193D-01    7.181911245586358D-12    1.095042637247386D-01
    1.258589418342189D-01   -4.208655707099111D-13    1.913377342995068D-12
   -4.369350864450677D-02    2.764541311454162D-13   -3.856395165129123D-02
   -1.671511470306408D-13   -3.169808439746405D-04   -3.035778939137948D-04
    3.169808396772762D-04    3.035778989685169D-04    1.799526430115763D-01
    1.202101085047453D-01   -1.799526430152684D-01   -1.202101085193745D-01
   -9.163186865049011D-14    1.999659662322007D-13   -1.291736436655946D-11
   -6.898764412827869D-02    5.907635847167163D-02   -4.485770415836832D-12
   -5.601958411750733D-02    4.765280128832118D-02    7.205895230214916D-12
    5.098866207577862D-13    4.013327535439956D-02    8.902294038235643D-14
   -4.546942319520496D-02   -6.070279266602763D-13    2.177792158777872D-12
   -1.315550040824520D-11   -2.468408182455083D-13    4.269951527396604D-01
   -3.757907220280324D-01    1.128918237031587D-12    4.191712071293250D-01
   -3.691271341338500D-01    1.940332310686103D-11   -1.028290928605868D-12
   -3.406774371651260D-03    3.581475953392711D-13    3.666220729483457D-03
   -5.520641560175280D-13    1.284113790202055D-01    1.530334762562737D-01
   -1.284113790187572D-01   -1.530334762574205D-01    3.429541571153371D-04
    3.126614675150051D-04   -3.429541551804795D-04   -3.126614407719153D-04
    1.123825509426724D-01   -1.806736685645771D-01   -1.709845540490218D+00
    6.531222268686092D-13    6.522517713187046D-12   -1.469334066357945D-01
   -1.092198606779171D-11    1.215059587696325D-11   -3.763660122199666D-01
   -2.610854692491199D-03    5.060958901021767D-13   -1.207225942671659D-03
   -6.486260654050841D-13    1.624699544182024D-04   -1.767550631528212D-02
   -1.298006327662558D-02    1.902450486856890D-01   -1.093284197691953D-11
   -7.683326138889339D-12    7.673415246244007D-02   -3.672723823537247D-12
   -1.304662064717977D-11    2.617185224133529D-01   -8.295461289652363D-03
   -1.579125173262221D-12   -2.437487634200876D-03   -2.312293051791847D-12
    5.150332403376950D-04    8.487085495146332D-02    1.136314987707427D+00
    8.487085496079552D-02    1.136314987740662D+00   -2.921101461373169D-02
    1.234300463487504D-02   -2.921101461419191D-02    1.234300459522188D-02
    7.584657765764699D-03   -9.075596986589454D-03    6.826874189333490D-02
    4.958985121120022D-12   -1.173014238506468D-11    3.518255733447184D-02
    3.454369816002238D-11   -3.188883115056104D-12    3.087773275414996D-02
   -1.341466966997915D-02    3.037914955192873D-12    3.722103267453114D-03
   -1.980742559148636D-12    8.478371529473354D-04   -1.220556934870765D-01
    1.886675985697914D-01    1.887667935803108D+00   -6.024066617655003D-12
   -8.946339450459769D-12   -1.691811458658919D-01   -2.469789564341103D-11
   -2.999137597951486D-11   -7.802045022286839D-01   -8.967656493611873D-03
   -3.067975937145244D-12   -5.106660990411411D-05    3.668478872604770D-12
    5.661893903718100D-04    2.775704705488881D-02    1.698842027077407D-02
    2.775704704148953D-02    1.698842019556494D-02   -6.679555800463337D-02
   -1.445457893184965D+00   -6.679555800266405D-02   -1.445457893264431D+00
    1.629282158812664D-12   -2.852336602125552D-12    1.315600772843745D-12
    2.702160820170894D-01   -2.386734733669394D-01   -7.645389866333177D-12
    8.692296411601103D-01   -7.675157995546573D-01   -1.485112750560690D-11
    1.303467565080016D-12    7.766170561484254D-03    5.830216778900572D-13
   -8.743370475484191D-03    1.594670948299855D-12    3.819061908713117D-12
    1.193209826923692D-11   -9.799630622210452D-11    3.128711726599237D-03
   -3.351825221290584D-03    1.401259016236855D-11   -2.810318126954116D-01
    2.461141060867954D-01   -4.757092785648336D-12    4.255936843116552D-13
   -1.272895421970145D-02   -3.304304991870295D-14    1.438377137675514D-02
    1.236844455730805D-12    6.409447494502207D-02    1.451595473141233D+00
   -6.409447493850073D-02   -1.451595473107163D+00    5.570349046004067D-05
    1.577845689703380D-03   -5.570349057285435D-05   -1.577845597579363D-03
   -4.186262471939913D-12    1.046589710979526D-11    9.441910455150574D-11
    2.799729284269418D-02    3.230339319649138D-02   -1.049171633633905D-11
    3.036144943962856D-01    3.462764329044595D-01   -6.413307548523678D-11
   -5.151079172926471D-13    2.150511188365462D-02   -2.641065681147139D-13
    1.895789994121087D-02    4.872061574072326D-14    6.091243869338408D-12
   -7.947869589131241D-12   -1.317694266861009D-10   -2.724367899572117D-01
   -3.089541354649651D-01    2.591179939443771D-13   -1.108211010928827D+00
   -1.257935116760621D+00   -8.177852066724273D-11    4.102063343070486D-13
   -9.666694844571675D-03    3.846607581085979D-13   -8.543413312268469D-03
    1.579048283690180D-13   -1.987088350239058D-06   -1.767329250736759D-03
    1.987090691088390D-06    1.767329263832150D-03    1.931023368281665D-02
    1.815161093831823D+00   -1.931023366481745D-02   -1.815161093790764D+00
   -6.126024343275753D-02    6.103339048991420D-02    2.104804130116028D+00
   -8.523486639303503D-12    1.095167881986587D-11   -2.845873703013934D-01
   -1.251477413139080D-11   -2.015533204947171D-11   -1.794642184409221D+00
   -2.029184378691121D-02    5.523955408413939D-13    4.706720287702571D-03
   -2.482502724723925D-12    1.260238839472043D-03    7.681352487005838D-02
   -2.581969755048286D-02   -2.530903810220403D+00    9.323186246316968D-12
    1.173806611415865D-11   -6.057208015430891D-02    4.364030362789820D-11
    4.839225839059633D-11   -2.484655932375047D+00   -2.492461327692870D-02
    2.933039146015899D-13    7.065172265935060D-03    1.080915255294086D-12
    1.570308165558744D-03    4.310354958390655D-02    5.930258120108538D-01
    4.310354958469453D-02    5.930258120250737D-01   -4.456839792996366D-02
   -1.017352237816208D-01   -4.456839792922786D-02   -1.017352236389293D-01
   -4.590860243182548D-02    1.653503999534299D-02    2.668036911959570D-01
   -4.616540309470831D-12   -1.228722803095749D-11    1.562182790367689D-01
    1.423051576424025D-11   -2.487368954825318D-11   -1.435996333200930D+00
   -3.513468131770272D-02    3.991546657695075D-12   -4.824941650743706D-02
   -3.433034961591831D-12    2.173920003548236D-03    2.234208952594511D-02
   -6.418946705579516D-01   -4.592068309803556D-01   -1.105657860584915D-11
   -1.785422719015960D-11   -8.218241216736786D-01    2.805761116297587D-11
    6.261847095196995D-11    2.471880182860939D-01   -8.751070835378667D-03
   -1.937983988223649D-13   -1.189548914753033D-03    3.498335069338046D-12
    5.423238539210829D-04    1.080221980644309D-01    2.144596036127439D-01
    1.080221980402231D-01    2.144596035938042D-01    1.131396820293263D-02
   -2.417835292807706D-02    1.131396821290763D-02   -2.417835286324659D-02
   -2.390387188831362D-12   -4.510368179350540D-12    3.404507530436585D-11
    8.419648087640214D-02   -7.527641434167598D-02   -7.885157752066103D-12
   -1.459576690089120D-01    1.291982476389529D-01   -7.258655271043822D-12
    5.028148267275589D-12   -4.703941910186425D-02   -1.330853972908633D-12
    5.340909578820553D-02   -2.220740519145542D-12    3.338362637811591D-12
    9.126213776030726D-12   -5.612574284891880D-11   -7.845307708882630D-01
    6.911113302674430D-01   -1.599421950401477D-11    9.264327828026141D-01
   -8.154442399133439D-01    6.150113698556961D-12    4.854198917151052D-12
    1.583013162377504D-02    7.517950891638930D-13   -1.799818611294559D-02
   -6.473515462617025D-13   -2.812829065848400D-02    2.630802158948516D-01
    2.812829062913379D-02   -2.630802158817055D-01   -1.385983401141907D-04
   -4.504768923578457D-04    1.385983670974666D-04    4.504769014713667D-04
    7.695933788508341D-13   -8.562072541725347D-12    8.129558522537154D-12
    4.684154645634425D-01    5.300671765643132D-01    1.689404729751119D-11
   -1.964002736349052D-01   -2.225553282851320D-01   -4.032485561088696D-11
   -3.796555570375330D-12    4.526488632466020D-04   -5.661008849087384D-13
    2.157140794646276D-04    6.542108849423085D-13   -3.399168397386721D-12
   -1.667715689412344D-11    1.613521583120937D-11    3.554797170524263D-01
    4.048467006190057D-01   -1.021993598766208D-11   -1.111669997089167D+00
   -1.262630026116557D+00   -3.328326650012412D-12   -3.561009562782650D-12
   -2.060869774807229D-02   -1.032369805679215D-12   -1.797190319473321D-02
    7.818080080200828D-13    6.931172913550472D-04   -1.800012501627961D-05
   -6.931172588384689D-04    1.800011383253766D-05    3.069281735719369D-01
    7.105728704145546D-01   -3.069281736119074D-01   -7.105728704140805D-01
    1.219349836457011D-02   -1.880331683911446D-01    1.037243663145377D-01
   -2.073896527844869D-11   -1.306812123864053D-11    3.431371893017694D-01
    1.834516074530701D-11    1.377173585251155D-11    5.331574243243665D-03
    4.857996857140456D-04   -2.025759427981361D-12    7.939193220692203D-03
    5.916195724926823D-12    1.442175202024915D-05   -6.797809009545937D-02
   -8.452344017565685D-01    1.797688750610645D+00   -1.876074695310872D-11
    6.895766243989151D-12    2.840958626919998D-01    2.470581877392900D-11
   -1.297484896657004D-11   -5.121190515300645D-01   -1.583936704905585D-01
    2.272961385865289D-12   -1.978185108728353D-02   -5.183924989158716D-12
    1.003636334302483D-02   -1.106685526519175D-01   -7.352882005497435D-02
   -1.106685526200963D-01   -7.352882011078078D-02   -6.087250831830278D-01
   -1.604334260874808D-01   -6.087250831656491D-01   -1.604334261011973D-01
   -6.085023914623237D-02    1.269935283674681D-01   -2.109205538467124D-01
    4.617238082718139D-11    1.486358816194790D-11   -3.456747897085190D-01
   -7.048457813541009D-11   -2.487388765824787D-11    1.055678485973828D+00
    1.953675347492713D-01   -2.673226568970458D-12   -2.334564986599960D-02
   -8.173766122069473D-12   -1.209234053810348D-02    3.522547397526946D-02
   -2.273372936715032D-01    9.961192403941422D-01    1.854055185215405D-11
   -9.374367192866158D-12   -3.814137973680527D-01    5.053393841514850D-12
    3.868147842997169D-11    5.076261120794523D-01    6.574146220671025D-03
    4.342309828401977D-12    3.766676274557014D-02    1.125154650448326D-11
   -3.681716777137822D-04   -7.145828987239611D-01    1.214030209712730D-01
   -7.145828987477792D-01    1.214030210407249D-01   -7.382317436626955D-02
   -5.333678766509999D-02   -7.382317431608403D-02   -5.333678769329949D-02
   -3.601447887753848D-12    8.602890152050056D-12   -1.088152968742004D-11
   -4.320687687266538D-01   -4.892342010332825D-01   -1.578583531961698D-11
    9.578472942207464D-01    1.076839933387709D+00    2.877053863638971D-11
    1.019855992423508D-11    8.971561865241678D-02   -1.990064626129425D-12
    7.711143546836458D-02   -1.399040845454097D-12    3.298322282689198D-12
   -1.465171241776312D-11    2.340942443862923D-11    3.071689735264565D-01
    3.502441522266859D-01   -1.937688385604083D-11   -1.387021858335896D+00
   -1.569327408793163D+00    2.239798344129773D-11    2.487528726559586D-12
   -1.350009437820412D-01    2.335346930413665D-12   -1.176831192811266D-01
   -1.073894365557735D-12    4.925084360242989D-03   -2.434100282023493D-03
   -4.925084424418409D-03    2.434100313712127D-03    3.702190732289504D-01
    6.408820640880097D-01   -3.702190732193721D-01   -6.408820640926017D-01
    3.726405866271855D-13   -2.248905217011029D-11    9.891098750106925D-11
    1.063144331683810D-01   -8.890171108222424D-02    4.400981555896966D-11
    4.744983966279940D-01   -4.323369507767352D-01   -1.005224351231476D-10
    3.701004063021191D-12    1.736314614607939D-01    3.024816137190883D-12
   -1.974655581158781D-01    1.004797853972905D-12   -2.625899899499512D-12
    5.247514941385409D-11   -1.959565098860563D-10   -1.645794729804526D-01
    1.384059165307842D-01    2.109602265181724D-11   -2.216208580835518D-01
    2.210403021058179D-01   -7.362527922818625D-11   -1.112806562123485D-12
   -1.191603088353020D-01   -3.522684629966372D-12    1.364251954368129D-01
    7.754914114907359D-13    7.869999671107419D-01   -4.712780251139451D-01
   -7.869999671358108D-01    4.712780251800021D-01   -1.637343101528522D-03
   -8.153772680913107D-03    1.637343077439565D-03    8.153772752579402D-03
   -3.273269467638186D-13   -8.139478013968875D-12    5.869934091265911D-11
   -1.354515182245840D-01   -1.547490809030756D-01    2.316265251675187D-11
    2.492650324507539D-01    2.827203654988971D-01   -9.065105620003218D-11
   -4.625473469677221D-12   -1.220055319019768D-01    8.693929102847684D-13
   -1.083111829438895D-01    2.168990244313013D-12   -1.411064556963478D-12
    6.393220215454599D-11   -2.035769228713908D-10    6.033641080191356D-01
    6.850908807204903D-01   -9.364816492601124D-12   -1.139807128929516D+00
   -1.292691001841968D+00   -2.647824426986451D-11   -7.569931731507523D-13
    1.507221942738389D-01   -1.857086089979269D-12    1.333727670481213D-01
    1.719180103294582D-12    1.401243240801736D-03   -1.395677579707498D-03
   -1.401243231708620D-03    1.395677631241958D-03   -6.328063547936916D-01
    1.524744603329779D+00    6.328063547793169D-01   -1.524744603241658D+00
   -2.623411006792074D-12    2.350508760064250D-11   -6.669247670691808D-11
   -8.113368319326548D-01    7.171343712345499D-01    2.404905131763016D-11
    1.722542368302121D+00   -1.523333349719818D+00    3.693271492927537D-12
    1.082184332859214D-11   -5.238271781873668D-03    7.049336051330342D-14
    5.519336958201482D-03    4.654348181860453D-12    4.654132734409255D-12
   -1.513487594878843D-10    3.079507882198674D-10   -9.161653934628677D-02
    8.088623969356319D-02    5.756034368196578D-11   -3.196372906521349D-01
    2.844227190035251D-01   -6.175943063625948D-11    1.734429755330301D-11
    1.994490279618577D-03   -6.542811181086914D-14   -1.734586335278742D-03
    3.419434623883625D-12   -4.044140861266048D-02    1.252717389068298D+00
    4.044140854366333D-02   -1.252717389002546D+00   -6.749035234043558D-04
   -2.772103700398254D-04    6.749036609009423D-04    2.772100669036329D-04
   -4.056691951123338D-02    3.909767893217778D-01    3.272634972967006D-02
    7.620570471971225D-11   -5.425598632443667D-11    7.231989335557594D-01
   -1.649690199963050D-10    1.284743980121574D-10   -1.556186634212504D+00
    1.016413211033216D-01   -2.422868117629518D-12    2.577044213484299D-02
    6.423739395145966D-12   -6.299772556236503D-03    1.272161684298569D-02
   -3.503835715018676D-01   -4.258335263822987D-01    1.830439287324586D-11
   -1.280732876723311D-11    4.628694585491127D-01    3.336122534621423D-11
   -1.822764660496699D-11   -1.258734821118355D+00    1.204149533116476D-01
    6.713055233432016D-12   -4.166025912895224D-02   -2.838802226945117D-12
   -7.637191241977697D-03   -3.731863162705040D-01    9.117148766924884D-01
   -3.731863162476570D-01    9.117148768856146D-01    4.315192275867836D-01
   -6.989457769281797D-01    4.315192275823215D-01   -6.989457769115498D-01
    1.911642250016092D-02   -1.872156406046068D-01   -5.244406705989025D-01
    6.312617722638577D-11   -5.799519005318960D-11   -4.670236069899479D-01
   -1.058379040981024D-10    1.030265571077252D-10    1.376018346941419D+00
   -6.274541162803304D-02    1.643544603691780D-12   -2.703775897763419D-02
   -1.504792400410425D-11    3.939355777917681D-03    3.783129084259459D-02
   -1.626515013117680D+00    4.178735679231474D+00    2.026128291688433D-11
    2.737547593110326D-11    3.503485106409648D-01   -2.466314002614668D-11
   -5.772418177688831D-11    1.365506356888754D-01    5.788206740019170D-02
   -8.968388790558840D-13    1.298694089668746D-02    1.372241001607105D-11
   -3.641653148712390D-03    1.804205014404477D-01   -6.232172814662612D-01
    1.804205013839408D-01   -6.232172812555615D-01    3.788362923636254D-01
   -1.207017203899815D+00    3.788362924037354D-01   -1.207017203994095D+00
   -5.561399520158539D-04    1.838532425857610D+00   -4.788128434251832D+00
    4.339140147906181D-12   -5.487787365598394D-12   -1.006411065359669D-01
    1.280088747405714D-11   -6.743394032964799D-12    1.320706999721586D+00
   -1.805270137636425D-01    1.276636456659590D-12    1.302121843238459D-02
   -4.078944033404758D-12    1.121593745652905D-02    1.983896227088111D-03
   -3.281222550105272D-01    2.821370139938101D+00   -3.698614961018905D-12
    1.296732916583512D-11   -3.241813882167439D-02   -7.039912129060626D-12
   -1.018775875394365D-11    1.726936107736041D+00   -1.506515837115166D-01
    2.744471441939011D-12    5.536608523211227D-02   -9.907712015977277D-13
    9.428598168314300D-03    1.100317616145752D-01    3.343095879220758D-01
    1.100317615862759D-01    3.343095879324108D-01   -8.681107565178724D-02
    8.444842747849463D-02   -8.681107564503134D-02    8.444842746240709D-02
    1.143179166879511D-05    3.178928433889803D-04   -6.811425868916307D-04
    9.203034513335714D-12   -1.116727657986330D-11    7.308373716172827D-05
   -2.824013840141196D-11    2.907219332516470D-11   -5.342227725212379D-04
    8.829029472549769D-02    1.419321416924005D-13   -5.087970700242833D-07
   -1.441900345276912D-12    3.550519166795903D-01    2.313583341626346D-05
    3.855689399291398D-04   -1.269573836282071D-03   -3.527487833852232D-12
   -3.285145907934876D-12   -8.049016920154517D-06    1.279968517945354D-11
   -6.011628015330213D-12    2.407930921353621D-04    7.921088364020017D-02
    1.342896648479788D-12   -2.154734189069063D-06   -2.170462517285612D-12
    3.145112576373322D-01    2.767187930114249D-04    2.767594126177211D-04
    2.767187984103776D-04    2.767594557559074D-04    2.570897599467935D-04
    3.566196756898509D-04    2.570897490810660D-04    3.566196900643478D-04
   -1.069633508293176D-04   -1.873585042711320D-03    6.252295809270589D-03
    1.156770975902304D-11    1.219627872238265D-11    6.480567458250394D-05
   -3.325589558224563D-11   -3.296041412597454D-11   -5.403882743591758D-04
    8.489389282683951D-02    5.123171303924379D-11   -5.654748663671133D-05
    4.442823311205618D-11    3.499346456586967D-01    1.287318362543252D-04
    1.203932851436920D-03   -5.472594397393735D-03    1.320291427025825D-11
    1.802201428838057D-11    4.973905667789511D-05    6.360552911059171D-11
    6.718497583936779D-11   -1.044809368822670D-03   -9.982284228420971D-02
   -2.484921557977673D-11   -8.507135534540643D-05   -2.110875171687166D-11
   -3.863802101686532D-01   -1.570272528649966D-03   -3.047314383483404D-04
   -1.570272525228483D-03   -3.047314377709832D-04    1.264651829025641D-03
    5.047806947896744D-04    1.264651930253961D-03    5.047807386842746D-04
    2.701694497478897D-15    1.477713011464609D-12   -1.791673120679214D-12
    1.319476393280113D-01    1.494526899091408D-01   -2.391986440484387D-12
   -3.642926493027496D-01   -4.189480393649456D-01    8.190309004676934D-12
   -9.109707708241497D-12    6.070416395589346D-01   -1.555151858090640D-12
    5.369539482352336D-01   -2.799290410131429D-11    6.901740920169037D-13
    2.873209825967436D-12    2.039337662615230D-12    1.774013997798901D-01
    2.007742458215144D-01    2.894729990747105D-12    7.362444996907089D-01
    8.374553328175757D-01    2.515617070386570D-12    2.211162076569005D-12
   -3.020534720649171D-01   -5.102677659294142D-13   -2.696295960707389D-01
    3.321877522240759D-11    1.750089701053702D-03    8.304298356974341D-04
   -1.750089699097712D-03   -8.304298423419970D-04   -6.156154588101150D-01
   -2.678716007585553D-01    6.156154588214832D-01    2.678716007542689D-01
   -1.764572022946177D-13    1.458449520438615D-11   -2.422844223384861D-11
   -4.274276936839960D-02    3.833659176595882D-02    2.580489506195618D-12
   -9.921167750140152D-01    8.749897303505051D-01   -8.940786797106952D-13
    9.331655499074622D-13    2.342006218456276D-01   -1.553016324618898D-12
   -2.619592678509626D-01   -3.184819526692479D-13    3.660522361983003D-13
    1.138999686305203D-11   -1.776176601262985D-11   -5.815359799126255D-02
    5.247101615467217D-02    5.689735746197513D-12    3.853530697203559D-01
   -3.374437294561956D-01    7.250786565591677D-12   -8.128791540945699D-12
   -5.859677832651151D-01   -1.429085928659876D-12    6.620993570222495D-01
    1.276230522879192D-12   -6.730639440466685D-01   -2.315808353971802D-01
    6.730639440447677D-01    2.315808354082795D-01   -1.777494878355938D-03
   -1.076933079998908D-04    1.777494883313092D-03    1.076933271132947D-04
   -3.441732136135756D-02   -4.531728358349695D-01    1.710653330442945D+00
   -1.701421416291688D-12   -5.415273771186978D-13    2.588662626016018D-03
    8.706344853081778D-12   -5.759804134316985D-12   -1.193824777406417D-01
   -6.258844266714138D-01   -2.840641488311160D-12   -3.338914448191532D-02
   -1.219379935644801D-12    3.766325999242482D-02    4.542754606828203D-02
    3.869252316037968D-01   -1.597826425178288D+00   -1.990985912397247D-12
   -3.585551766612872D-12    6.479139936038196D-02   -6.098623112454458D-12
   -1.790750530485449D-12   -3.196055591934127D-01   -7.679859507170265D-01
    7.640267067376995D-12   -4.144173138283493D-02   -2.292632468371040D-12
    4.973823216245622D-02   -5.086319151502008D-01   -3.786046579968705D-02
   -5.086319151524559D-01   -3.786046581051761D-02    4.590280711471214D-01
    1.043289732810079D-01    4.590280711305239D-01    1.043289732870377D-01
   -7.530121396949125D-03   -7.427673505066928D-01    1.030465200358873D+00
    3.962984346050444D-12   -2.237428298371470D-12    4.034177686017390D-01
   -1.617353143315280D-11    1.044987881655947D-11   -4.453907598748677D-01
   -4.549818696419413D-01   -1.901517461004517D-12    1.497454727968990D-01
    7.188397269873297D-12    2.819465137631451D-02   -2.755958438146942D-02
   -4.324273778934877D-01   -8.214809572494160D-02    9.963004216188418D-13
   -7.143905923336339D-13   -2.479404090354112D-01    7.542946546992656D-12
   -8.517550234115490D-13    7.018002102892879D-02    2.005896840409411D-01
   -1.065597666455932D-11    2.053146290021237D-01    7.812491534028535D-12
   -1.248186312519056D-02   -2.459366104138662D-01   -4.485388880092039D-02
   -2.459366104105302D-01   -4.485388878662973D-02    1.533569297896414D-02
   -4.378713841790853D-02    1.533569298428474D-02   -4.378713841685913D-02
    2.489222002581223D-02   -1.516797726870880D-01   -2.960276361993873D-01
    2.626415314447674D-12   -2.041567953513489D-12    1.994746884181765D-01
    1.669939649056480D-13    9.129241203281227D-13   -6.138458829430437D-01
    7.657893526457613D-01   -1.263606579983508D-11    7.045181358640241D-02
    6.916179104227222D-12   -4.764226398941050D-02    4.962774825193562D-03
   -1.783368541764626D-01   -3.545679052685620D-01    3.342447572543291D-12
    9.766946778189681D-13   -4.382514494057530D-02   -2.984152533998222D-12
   -2.931401667223089D-12    2.537204268599807D-01   -7.206748976444439D-01
   -7.201081430548685D-12    1.121295727366776D-01    1.568868673227300D-12
    4.538606727904128D-02    4.696573103031171D-01    4.174077316460572D-02
    4.696573102872973D-01    4.174077317450187D-02    4.115101433502940D-01
   -3.157830189647629D-02    4.115101433561619D-01   -3.157830190574685D-02
    1.775341806104358D-12   -1.734977365481499D-13   -4.349566922211979D-11
   -7.786039120806103D-02   -8.826235551352958D-02    6.137009002359391D-12
   -1.406935532623376D-01   -1.599603149312676D-01    2.655454161515439D-11
    4.027513976107687D-12    5.824720713957688D-01   -4.382040615589397D-12
    5.183663411348339D-01   -5.564783815491964D-13   -7.380864883109415D-13
    7.880726397340232D-12    3.580791395711101D-11   -1.558666723364728D-03
   -2.781458587421850D-03    1.272362340666162D-11    5.952976118736600D-02
    6.705378860593264D-02    2.224284681202990D-11   -1.416647579760056D-12
    8.410505471524299D-01    4.833017982578539D-12    7.447651538039401D-01
    4.022931836009084D-13    1.381186233259209D-03   -2.469447712897035D-04
   -1.381186225654155D-03    2.469447656049553D-04    4.464956450357068D-01
   -2.164406673326216D-01   -4.464956450366451D-01    2.164406673359359D-01
   -8.000451684590742D-13    8.110670179456725D-12    1.204909217942562D-11
    9.660029651248136D-03   -8.105980774935859D-03   -1.030117713727301D-11
    2.118709230524038D-01   -1.870702218013958D-01   -5.986807619338384D-12
   -5.774366399875673D-12   -8.008812267550768D-01    1.159318858744576D-12
    9.040433267046091D-01    1.175882754092688D-12    5.695209326054987D-13
   -2.000713984638555D-12   -1.248210237076311D-11    1.609133798041556D-01
   -1.420366172993721D-01   -5.862543046169977D-12    1.013136537437352D-03
   -2.163165869569893D-04   -1.369690980628707D-11    4.439844510421006D-12
   -4.649550957979121D-01   -5.349346838153902D-12    5.222228208503329D-01
    1.593501952205667D-13    6.256112540499816D-01   -1.174303605142682D-01
   -6.256112540548169D-01    1.174303605206008D-01   -1.459221404283244D-03
    3.697362191057017D-04    1.459221395605901D-03   -3.697362175172965D-04
   -7.990136348618275D-02   -1.182246040460689D-01    2.561606411451196D+00
   -2.753817069481296D-12   -1.284530296023677D-12   -5.426810112882641D-01
   -2.207030302049005D-12   -3.277750736756714D-13   -1.719065094343008D+00
    2.785798855652144D-02    1.581737135612665D-11    3.653037878355047D-01
    2.202766551468864D-13   -1.735407098867765D-03    3.752129928058617D-02
   -6.690832349527815D-01   -2.212658013578252D+00   -1.669700703928028D-12
    2.608925070381612D-12   -1.026682427240785D+00   -6.929538335119413D-14
   -1.796293016332258D-12   -1.197286926580337D+00   -2.804707995493520D-02
    1.369114780151600D-11   -2.979498592081433D-01    5.513447076112488D-12
    1.785158266268646D-03    1.247187575117248D-02    1.675447213366236D-01
    1.247187576636829D-02    1.675447213301870D-01    1.154716246806735D-02
    1.477295224275731D-02    1.154716245672148D-02    1.477295224558074D-02
